8.107119768241385360e-01 -8.358548809474174168e-02 5.794476307776754709e-01 1.654834971249193742e+01 5.854452072003631935e-01 1.157476397701519694e-01 -8.024066258785272909e-01 -1.676592281686468056e+01 -1.461584108650860343e-07 9.897555001451635581e-01 1.427727212473577367e-01 4.071023888644955235e+00
9.967946938484736341e-01 1.023486458567988283e-02 -7.934472800659272962e-02 6.438347716333409076e-02 -8.000180806846730885e-02 1.302666552465837901e-01 -9.882460772685329742e-01 -5.607506519637878384e+00 2.214075506960031653e-04 9.914261677390707739e-01 1.306679184073735178e-01 1.800082237786407413e+00
9.914509001481082162e-01 1.282439552055205934e-01 2.405411708523815320e-02 3.635284288084744131e-01 1.378995035356187122e-02 8.033147276750102206e-02 -9.966728107820794769e-01 -4.867253863273381498e+00 -1.297495659520763456e-01 9.884838604834416120e-01 7.787623321013359412e-02 9.477703671630420823e-01
9.922001709243298828e-01 -9.862540069878518445e-02 -7.623549799623892398e-02 -1.299284304399900503e+00 -7.390681303748809772e-02 2.705857426451277817e-02 -9.968979970615917674e-01 -5.931779647458544247e+00 1.003822883001392607e-01 9.947566857758615155e-01 1.955843296002578863e-02 3.348039896647633240e-01
9.900005291734773616e-01 6.107275354851228813e-03 -1.409313784221770394e-01 -1.562452296786873918e+00 -1.410636102885673426e-01 4.215016889492518432e-02 -9.891028364707507015e-01 -4.142872556462834588e+00 -1.004419735018835394e-04 9.990926205562071782e-01 4.259020382130908333e-02 5.659406017922132826e-01
9.994972732880587074e-01 1.246531292164687436e-02 2.915161510966049821e-02 3.982819468429794618e-01 1.570986711676566200e-02 6.039377206126291808e-01 -7.968766715724562300e-01 -6.955161573501933425e+00 -2.753907705261611841e-02 7.969340283831453098e-01 6.034382765785598624e-01 9.460216946105502345e+00
